0	0.000000	+0.3698, -1.2230, -0.5887, 
1	0.000000	-0.7904, +0.9868, +0.0158, 
2	0.000000	+0.3956, +1.4115, -1.6102, 
3	0.000000	+1.5786, +1.1862, +0.8859, 
4	0.000000	+0.4005, -1.4560, -1.7758, 
5	0.000000	-1.1320, +0.7562, -1.5596, 
6	0.000000	+1.2005, -1.9929, +1.7428, 
7	0.000000	-1.4474, -1.0310, -1.5303, 
8	0.000000	-0.5283, -0.5462, +1.9641, 
9	0.000000	-0.0189, -0.6638, +1.0527, 
10	0.000000	+1.5363, -0.0626, -1.2775, 
11	0.000000	-1.3712, +0.0500, +0.1613, 
12	0.000000	-0.2753, +1.6013, +0.5758, 
13	0.000000	+1.8624, -1.4889, -0.3491, 
14	0.000000	-1.4433, -0.4744, -1.4589, 
15	0.000000	-1.6855, +0.6575, -1.3718, 
16	0.000000	-1.5414, +0.0468, +1.3696, 
17	0.000000	-1.5814, -0.0149, -0.6836, 
18	0.000000	-0.2155, -1.1106, -1.7403, 
19	0.000000	-0.3410, +1.0208, -0.5380, 
20	0.000000	-0.6520, -0.7379, -1.3738, 
21	0.000000	-0.7599, -0.1817, -1.3177, 
22	0.000000	+0.7909, -1.2264, -0.8620, 
23	0.000000	+1.9000, -0.4987, +1.0960, 
24	0.000000	-0.8211, +1.5953, +1.1549, 
25	0.000000	+1.1874, -0.9866, -0.5388, 
26	0.000000	+0.7623, +0.1352, +1.2748, 
27	0.000000	-0.2875, -1.6999, -1.9756, 
28	0.000000	-1.6711, -1.0784, -1.7889, 
29	0.000000	+0.8845, -0.5309, +0.7716, 
30	0.000000	+1.9159, +0.8691, +1.1764, 
31	0.000000	-1.4334, +0.1325, -0.4277, 
32	0.000000	+0.1171, -1.9068, -1.8458, 
33	0.000000	+0.5856, -0.5663, +0.8627, 
34	0.000000	+1.3488, +1.9452, -1.5834, 
35	0.000000	-1.0732, +0.2865, -0.2734, 
36	0.000000	+1.7179, -1.8672, -0.2606, 
37	0.000000	-0.0874, -0.1978, +1.5405, 
38	0.000000	-0.7649, +1.4598, +1.3885, 
39	0.000000	-1.8154, +0.8095, -0.8673, 
40	0.000000	+0.4741, +0.0548, +0.1992, 
41	0.000000	+0.0039, +1.0907, -0.8925, 
42	0.000000	-1.9022, +0.6571, -1.7649, 
43	0.000000	+0.2952, -1.1544, -1.7249, 
44	0.000000	-1.0863, +1.7110, +0.6796, 
45	0.000000	-0.6841, +0.6876, +0.0523, 
46	0.000000	+0.9270, -0.4519, +1.6618, 
47	0.000000	+0.3678, -0.6744, +0.3332, 
48	0.000000	-1.4987, -0.3843, +0.8006, 
49	0.000000	+0.0151, -0.8334, -1.6602, 
50	0.000000	-1.0967, -0.5714, +0.3254, 
51	0.000000	-0.4125, +0.7752, +0.0555, 
52	0.000000	+0.7589, +0.5804, -0.3561, 
53	0.000000	-1.8385, -1.5243, -0.6956, 
54	0.000000	+1.5216, +1.4103, -1.1129, 
55	0.000000	-1.9466, -0.8231, +1.1438, 
56	0.000000	+1.6951, -0.1417, +1.9157, 
57	0.000000	-1.8287, -1.3460, +1.9258, 
58	0.000000	-0.0004, +1.8657, -0.8304, 
59	0.000000	-1.9607, +0.1617, +0.8946, 
60	0.000000	+1.5410, -1.1845, -1.8620, 
61	0.000000	+1.0075, +0.6698, -1.9715, 
62	0.000000	-0.0258, +1.0277, +1.6429, 
63	0.000000	+0.9451, -0.0370, -1.7920, 
64	0.000000	+0.5429, +1.4688, -0.1828, 
65	0.000000	-0.5049, +1.3556, -0.6519, 
66	0.000000	-0.8403, -1.8441, +0.9867, 
67	0.000000	-0.3576, -0.2091, +0.8420, 
68	0.000000	-0.2516, -1.5943, -0.0710, 
69	0.000000	-0.9291, -1.3507, +0.8786, 
70	0.000000	+1.8821, -1.2859, +0.7083, 
71	0.000000	-0.4845, +0.6997, +1.3009, 
72	0.000000	-1.4051, +0.4328, +1.2097, 
73	0.000000	+0.4081, +1.2411, +1.6348, 
74	0.000000	-1.6762, -1.2099, -1.6412, 
75	0.000000	+0.9326, -0.8594, +0.2469, 
76	0.000000	+0.0045, -0.1288, +1.8635, 
77	0.000000	-1.7438, +1.9307, +0.6132, 
78	0.000000	-0.2031, +0.0700, -0.0337, 
79	0.000000	+1.7902, +0.5584, -0.9990, 
80	0.000000	-0.5195, +1.2954, -1.9003, 
81	0.000000	-0.7858, +0.0361, +0.8990, 
82	0.000000	-1.9051, +1.7822, -1.9810, 
83	0.000000	+1.8587, +0.5392, -0.5074, 
84	0.000000	+0.2387, -1.2703, +0.9218, 
85	0.000000	+0.6782, -1.3754, -1.2587, 
86	0.000000	-0.5338, -0.6750, -1.4282, 
87	0.000000	-1.3614, +0.8609, +0.4734, 
88	0.000000	+1.8177, -0.9818, -0.0938, 
89	0.000000	+1.7584, -1.9463, +1.8087, 
90	0.000000	-0.7369, +1.3480, +1.0943, 
91	0.000000	-0.9446, -1.8360, -1.6330, 
92	0.000000	+0.5671, +1.0789, -1.4889, 
93	0.000000	+1.5461, +1.9433, +0.1404, 
94	0.000000	+1.0678, -1.8693, -1.5935, 
95	0.000000	+1.6277, -0.3235, +0.5447, 
96	0.000000	-1.4493, -0.5671, -1.8902, 
97	0.000000	-1.5266, -1.8800, +1.4939, 
98	0.000000	+0.3183, +1.7794, +1.0754, 
99	0.000000	+0.4086, +1.2236, +0.6768, 
100	0.000000	+0.4004, +1.0510, -0.2499, 
101	0.000000	-0.2007, -1.6669, -0.0854, 
102	0.000000	-0.7303, -1.9344, -0.9972, 
103	0.000000	+0.3787, -0.6644, -0.4297, 
104	0.000000	+1.6981, +0.3281, -0.5009, 
105	0.000000	-1.7955, +0.0885, +0.6292, 
106	0.000000	-1.2779, -1.9246, -1.2696, 
107	0.000000	-1.5656, -1.5923, +0.6955, 
108	0.000000	+1.8496, -1.9332, -1.7381, 
109	0.000000	-1.4100, -0.6533, +0.8810, 
110	0.000000	-0.7781, -1.8422, -0.8043, 
111	0.000000	+0.0504, -0.6517, -0.8303, 
112	0.000000	-0.8037, +1.8239, -1.6166, 
113	0.000000	-1.2195, -0.2681, -0.7071, 
114	0.000000	-1.5181, +1.7374, +1.6443, 
115	0.000000	+0.8596, +0.8051, +1.5422, 
116	0.000000	-1.1638, -0.1114, +0.9694, 
117	0.000000	-1.2632, -0.1095, +0.6063, 
118	0.000000	-0.7366, -1.9107, +1.6927, 
119	0.000000	-0.8411, -1.6581, +0.6293, 
120	0.000000	+1.9333, +0.6876, -0.2400, 
121	0.000000	+0.5947, +0.3173, +0.4806, 
122	0.000000	-0.8912, -1.1123, -1.6968, 
123	0.000000	-1.7799, -0.4084, -1.3571, 
124	0.000000	-1.4987, -1.8857, +1.7889, 
125	0.000000	-0.8420, +0.2172, +1.0401, 
126	0.000000	-0.1387, +0.6921, +0.5411, 
127	0.000000	+0.2741, -0.6005, +0.6820, 
128	0.000000	-1.2760, -0.3041, -0.3711, 
129	0.000000	+1.9945, +0.9432, +1.4106, 
130	0.000000	-1.3849, -0.2449, -1.4085, 
131	0.000000	-1.2491, -1.8112, +1.6763, 
132	0.000000	+0.6773, +0.5717, +1.3118, 
133	0.000000	+0.4721, +0.1027, -0.1098, 
134	0.000000	-0.4522, -0.4310, -0.6479, 
135	0.000000	+1.1737, +1.6244, -0.7708, 
136	0.000000	+1.3056, +1.8316, -0.2237, 
137	0.000000	+0.7014, +0.0835, -0.6846, 
138	0.000000	+1.6708, -0.8375, -1.7950, 
139	0.000000	-1.8657, -1.3206, -1.9621, 
140	0.000000	+0.4427, +0.3327, +0.3601, 
141	0.000000	-1.1298, +1.5763, -1.6116, 
142	0.000000	+0.3502, -1.9444, +0.5145, 
143	0.000000	+0.5345, -1.2502, +0.9435, 
144	0.000000	+1.8082, +1.1881, +1.5903, 
145	0.000000	+0.9315, +0.4921, -1.3129, 
146	0.000000	-1.5225, -1.0046, +0.1900, 
147	0.000000	+0.4009, -1.7552, +0.8070, 
148	0.000000	-0.4762, +0.8531, +0.0677, 
149	0.000000	-0.1081, +0.8637, -0.0492, 
150	0.000000	+1.5981, -0.5776, +0.8086, 
151	0.000000	-0.1762, -0.2917, -1.7712, 
152	0.000000	-0.4046, +1.1524, -1.6394, 
153	0.000000	+1.9248, +0.1539, -1.1145, 
154	0.000000	+0.2247, +0.0280, +1.2178, 
155	0.000000	+0.5930, +1.4662, -1.0927, 
156	0.000000	+0.1052, +1.4115, +1.4945, 
157	0.000000	-0.5041, -1.4617, +1.6252, 
158	0.000000	-1.7889, -1.3067, -1.1409, 
159	0.000000	-0.9339, -1.9684, +0.8093, 
160	0.000000	+1.5494, -1.9228, -0.2782, 
161	0.000000	+0.7257, +0.0610, +0.7656, 
162	0.000000	-0.1411, +1.3529, +1.0115, 
163	0.000000	-0.2158, -1.0171, +0.4153, 
164	0.000000	-1.0648, -0.5232, +0.5684, 
165	0.000000	+0.4881, +1.0687, +0.8665, 
166	0.000000	+0.7351, -0.0376, -0.0049, 
167	0.000000	+0.8117, -1.3238, -1.0474, 
168	0.000000	-0.6569, +1.1519, +1.9374, 
169	0.000000	-0.9039, -1.1233, -0.6079, 
170	0.000000	+0.3663, -0.6236, +0.7591, 
171	0.000000	+1.7128, +0.3442, +0.2882, 
172	0.000000	-0.8114, +0.1207, -0.7325, 
173	0.000000	+0.9823, +0.3446, -0.3796, 
174	0.000000	+0.3721, -0.8330, +0.6373, 
175	0.000000	-0.1162, -0.5902, -0.1351, 
176	0.000000	+1.9502, -0.6024, +0.7337, 
177	0.000000	-0.4136, +1.1403, +0.0683, 
178	0.000000	-0.8578, +1.7143, -1.3642, 
179	0.000000	-1.5443, -1.8441, +1.3437, 
180	0.000000	-1.4916, +0.0026, +1.0564, 
181	0.000000	-0.5452, -0.7865, -0.1780, 
182	0.000000	-1.2989, +1.9351, +1.8185, 
183	0.000000	+1.1080, -1.5129, -1.2502, 
184	0.000000	+0.3377, +1.1713, +1.8902, 
185	0.000000	+1.1100, -1.9205, +1.8057, 
186	0.000000	-0.0374, +0.0931, +1.6555, 
187	0.000000	+1.5035, +1.5985, -1.8695, 
188	0.000000	-1.5438, -0.8458, +0.2219, 
189	0.000000	+0.4245, +1.2589, +0.9028, 
190	0.000000	-1.2331, -1.7596, -0.1094, 
191	0.000000	-1.9871, +0.9810, -0.5086, 
192	0.000000	-1.7217, -1.0411, +1.0283, 
193	0.000000	+1.2734, +0.2356, -1.7230, 
194	0.000000	-1.6322, +1.3358, +0.9373, 
195	0.000000	+1.2563, +0.9238, -1.7326, 
196	0.000000	-0.2748, +1.0964, +0.7074, 
197	0.000000	+0.7761, -1.5788, -0.0279, 
198	0.000000	-0.3973, +1.8460, -0.1747, 
199	0.000000	-0.7054, -1.5157, -1.3953, 
200	0.000000	-0.3252, +0.2932, -0.9346, 
201	0.000000	+1.4290, +0.0264, +1.9392, 
202	0.000000	+0.2587, +1.3941, +1.1025, 
203	0.000000	+0.4756, +1.8152, -0.9205, 
204	0.000000	+1.8050, -1.0858, -1.8681, 
205	0.000000	+0.6474, +1.2943, +1.4014, 
206	0.000000	-0.6003, -1.1229, +0.5005, 
207	0.000000	-0.7318, -0.7816, +1.2318, 
208	0.000000	-1.8579, +0.0739, +0.9346, 
209	0.000000	+1.1139, +0.4973, -0.4157, 
210	0.000000	+0.7128, +0.1711, -0.0487, 
211	0.000000	-0.0582, -0.7061, +0.7567, 
212	0.000000	-1.7106, -0.5341, +0.3346, 
213	0.000000	+1.1968, +1.8561, -1.2889, 
214	0.000000	-1.3645, -0.0069, -1.6666, 
215	0.000000	-0.5933, -1.1618, +0.5787, 
216	0.000000	-0.7876, -1.1979, +1.1499, 
217	0.000000	+0.8462, -1.7452, +0.0055, 
218	0.000000	+1.5273, +1.2427, -0.5828, 
219	0.000000	-0.6405, +1.5428, +1.2122, 
220	0.000000	+1.0242, -1.6163, -1.1294, 
221	0.000000	-0.2446, -0.2019, -1.5007, 
222	0.000000	+0.9575, +1.9351, -0.7765, 
223	0.000000	-1.9570, -0.6065, +1.2100, 
224	0.000000	-0.9244, +1.4378, +0.3249, 
225	0.000000	-0.5811, -0.6892, -1.3356, 
226	0.000000	-1.1816, -0.0623, -1.1502, 
227	0.000000	+1.1456, -1.5035, +1.0077, 
228	0.000000	+0.1054, +0.5200, -1.7901, 
229	0.000000	+0.3726, -1.6991, +0.9033, 
230	0.000000	+1.9731, -1.8582, -1.5008, 
231	0.000000	+1.8829, +0.7564, -1.5968, 
232	0.000000	-1.6354, +0.0740, +1.1327, 
233	0.000000	+1.5701, -0.0621, -1.0140, 
234	0.000000	+1.5469, -0.8271, +0.6729, 
235	0.000000	-0.5849, -0.3500, +1.9394, 
236	0.000000	-0.3089, -0.9894, +1.4111, 
237	0.000000	-1.8224, -1.9843, -1.6577, 
238	0.000000	-1.4233, +1.6687, -1.4304, 
239	0.000000	-1.7076, +1.3650, +0.5280, 
240	0.000000	+1.9357, -0.8962, -0.0742, 
241	0.000000	+1.6536, -0.1195, +1.2985, 
242	0.000000	-0.2924, -0.5116, -0.7700, 
243	0.000000	+1.4102, +1.5190, +1.7741, 
244	0.000000	+1.5318, -1.9806, +0.2830, 
245	0.000000	+1.3988, -1.6725, -0.8294, 
246	0.000000	-0.8054, -1.4435, +1.9409, 
247	0.000000	-1.2154, +1.3217, -0.5469, 
248	0.000000	-1.4341, -0.3410, -1.4405, 
249	0.000000	+1.4081, +1.8086, -0.8986, 
250	0.000000	+0.9608, -1.7868, -1.8414, 
251	0.000000	+1.0911, +1.0526, -1.3506, 
252	0.000000	+1.0796, +0.5859, -1.8264, 
253	0.000000	+1.7773, +1.5910, +1.1241, 
254	0.000000	-0.7091, +0.5873, +1.9301, 
255	0.000000	-0.9034, +0.5739, -0.2100, 
256	0.000000	-0.8377, +1.2640, +1.1947, 
257	0.000000	-1.1722, +0.9638, -1.3409, 
258	0.000000	+1.4619, +0.6116, +0.3393, 
259	0.000000	+0.4760, -0.1383, +0.1963, 
260	0.000000	-1.1068, +0.2568, +1.7009, 
261	0.000000	-1.2095, +1.7698, +0.5090, 
262	0.000000	+0.8311, +1.5952, -1.4130, 
263	0.000000	+1.7204, -1.7970, +0.9540, 
264	0.000000	-0.1647, +1.5655, -0.4864, 
265	0.000000	-1.4426, -1.2626, +1.8659, 
266	0.000000	-0.1814, -1.2041, +1.1746, 
267	0.000000	-0.8276, +1.0776, +1.2590, 
268	0.000000	+1.6914, -1.7840, +0.1742, 
269	0.000000	-1.1572, -0.5228, -0.1956, 
270	0.000000	-0.4422, -1.0719, -0.5344, 
271	0.000000	-1.2667, +0.2445, +0.5399, 
272	0.000000	+1.2938, +0.4933, +1.6064, 
273	0.000000	+1.9874, +1.0242, +0.6662, 
274	0.000000	+0.3191, +0.7343, -1.8860, 
275	0.000000	+0.5230, +1.6100, +1.7048, 
276	0.000000	+1.8877, -1.6229, +0.7619, 
277	0.000000	-1.2860, -0.6547, +0.3873, 
278	0.000000	+0.1724, +0.0168, -1.3267, 
279	0.000000	+0.1412, -0.7850, +1.6318, 
280	0.000000	+0.0800, -0.1362, +1.8730, 
281	0.000000	+0.2686, -1.4578, -0.0043, 
282	0.000000	-0.6378, -0.0750, +0.0976, 
283	0.000000	+0.5419, -1.3656, +0.7297, 
284	0.000000	+1.4761, +1.7369, -1.9390, 
285	0.000000	+1.6858, +0.8219, -1.7786, 
286	0.000000	+1.9526, -1.4724, -0.3958, 
287	0.000000	-1.4149, -0.5980, -1.1521, 
288	0.000000	+1.5626, +0.5458, -0.0999, 
289	0.000000	+1.4918, +1.6730, -1.6663, 
290	0.000000	-1.9432, -1.9908, -0.4607, 
291	0.000000	-1.9011, -1.6327, -1.7682, 
292	0.000000	+0.5218, -0.0422, +1.7924, 
293	0.000000	-0.4127, -1.7498, -0.4459, 
294	0.000000	+1.0168, -1.9982, +0.0757, 
295	0.000000	-1.6123, -0.9060, +1.6551, 
296	0.000000	-1.2484, -1.6234, -0.9526, 
297	0.000000	-0.1317, -0.9845, +1.9514, 
298	0.000000	-1.0867, +1.8729, -1.6560, 
299	0.000000	-1.3040, -1.9913, -1.0568, 
300	0.000000	-0.7612, -0.5811, -1.9469, 
301	0.000000	+1.7295, -1.5017, -0.5396, 
302	0.000000	-1.0365, -0.1421, -0.9337, 
303	0.000000	-1.6398, -0.6694, -1.9939, 
304	0.000000	+1.8227, +1.5956, +0.1131, 
305	0.000000	-1.3596, +0.8360, +0.6941, 
306	0.000000	+0.6704, -1.8885, -1.3724, 
307	0.000000	+1.4349, +1.4976, -1.3311, 
308	0.000000	-0.4772, -1.1703, +1.4079, 
309	0.000000	+0.9209, +1.8372, -1.1497, 
310	0.000000	-0.2286, -1.1852, +0.9858, 
311	0.000000	-1.1341, -1.8001, -0.8989, 
312	0.000000	-1.5534, +1.9381, +1.7434, 
313	0.000000	-0.2978, +0.5367, -0.3573, 
314	0.000000	+0.4365, -1.6618, +1.7830, 
315	0.000000	+1.6686, -0.6861, -0.0397, 
316	0.000000	-1.5809, -0.9846, -0.5879, 
317	0.000000	+0.6418, +0.3344, -0.4071, 
318	0.000000	-1.0266, +1.3504, -0.4306, 
319	0.000000	+1.2558, -1.3112, +1.7970, 
320	0.000000	+0.5746, +1.7863, +1.0164, 
321	0.000000	-1.6964, +1.5642, -0.2642, 
322	0.000000	-0.9725, -0.9834, +1.1577, 
323	0.000000	+1.2992, -0.8651, +0.2854, 
324	0.000000	-0.8597, -0.9148, +1.1627, 
325	0.000000	-0.1121, +0.9101, +1.2994, 
326	0.000000	+0.0661, +0.9504, -0.2909, 
327	0.000000	-0.1761, -0.4114, +0.0803, 
328	0.000000	+1.0144, +0.0271, +1.6098, 
329	0.000000	-0.1941, -0.4871, +1.9884, 
330	0.000000	+0.8717, +0.8754, -0.9353, 
331	0.000000	-1.1562, -1.9622, -1.6381, 
332	0.000000	+0.4131, +0.7292, -0.8507, 
333	0.000000	+1.3779, -0.7631, -0.9615, 
334	0.000000	-0.2229, -0.3047, +1.4758, 
335	0.000000	+0.4548, +1.8551, +0.9701, 
336	0.000000	-1.6503, -1.8756, +0.0999, 
337	0.000000	+1.8728, -1.9871, -0.1262, 
338	0.000000	-1.5885, +0.2185, -0.8789, 
339	0.000000	+0.8601, +1.1735, +0.3111, 
340	0.000000	+1.9625, -1.9673, +1.4408, 
341	0.000000	-0.2580, +1.1274, -1.8062, 
342	0.000000	-1.2613, -1.3849, -0.6781, 
343	0.000000	+0.5338, +0.6565, -1.0812, 
344	0.000000	+0.7212, +1.9739, +0.1621, 
345	0.000000	-0.5449, +0.0774, +1.1872, 
346	0.000000	-1.0695, -1.3175, -1.6316, 
347	0.000000	+1.4368, -0.4525, +1.1236, 
348	0.000000	+1.5140, +1.9759, -1.9947, 
349	0.000000	-0.1903, -0.2921, -1.4607, 
350	0.000000	+0.2838, +0.9106, +0.8028, 
351	0.000000	+1.6825, -1.2423, -0.2903, 
352	0.000000	-0.6338, -1.0249, -1.8534, 
353	0.000000	+0.8589, -0.8883, +1.2850, 
354	0.000000	+0.5907, -0.6637, +1.5306, 
355	0.000000	-1.1605, -1.6558, +1.2509, 
356	0.000000	+0.9265, +0.7487, -1.0476, 
357	0.000000	+0.2338, +0.1012, -1.1086, 
358	0.000000	+1.5731, +0.8803, +1.7889, 
359	0.000000	+0.3022, +0.8583, -0.4650, 
360	0.000000	-1.8710, -0.5787, -1.1083, 
361	0.000000	-0.3663, -0.2705, +1.9822, 
362	0.000000	+0.3408, +0.4491, +1.1991, 
363	0.000000	+0.7343, -0.6625, -0.1971, 
364	0.000000	+1.6660, +0.4219, +1.4979, 
365	0.000000	+1.7672, +0.8583, -1.6679, 
366	0.000000	-0.5434, -0.9245, +1.1249, 
367	0.000000	+0.6852, +0.5116, +0.1994, 
368	0.000000	-1.3215, -1.0157, +0.7438, 
369	0.000000	-1.4954, +0.6672, +1.2873, 
370	0.000000	+1.2252, +0.0562, -0.7353, 
371	0.000000	-1.0052, -1.3907, +1.4855, 
372	0.000000	+0.8698, -0.3584, -0.0245, 
373	0.000000	+1.1093, +0.2527, +0.4963, 
374	0.000000	+0.7914, +1.5500, -1.5166, 
375	0.000000	+1.1252, +0.8669, +0.0447, 
376	0.000000	-0.1375, -1.9107, +0.8754, 
377	0.000000	+1.6401, +1.1846, -0.0682, 
378	0.000000	-1.2566, -0.1456, +1.4395, 
379	0.000000	+0.5318, +1.6024, +1.0751, 
380	0.000000	+1.0910, +0.0245, -1.6313, 
381	0.000000	+0.0508, +1.8905, -1.8526, 
382	0.000000	+1.8999, -1.4273, -0.6488, 
383	0.000000	-0.7529, +1.1949, -0.4112, 
384	0.000000	+0.1543, +1.6432, +0.3173, 
385	0.000000	+1.5015, -1.4073, +1.9571, 
386	0.000000	-0.4262, -1.9946, -0.4212, 
387	0.000000	-0.6875, -1.9794, +0.5385, 
388	0.000000	-1.3849, +1.7697, -1.3965, 
389	0.000000	-0.1224, -0.1000, +0.6753, 
390	0.000000	-1.2514, +0.2088, -1.4906, 
391	0.000000	-0.5187, +1.2489, +0.3700, 
392	0.000000	+0.9303, -0.7931, -1.2578, 
393	0.000000	-1.7700, -0.6597, +1.8033, 
394	0.000000	-1.6483, -0.8191, +1.6709, 
395	0.000000	+1.8240, +1.7893, -1.5453, 
396	0.000000	-1.3686, +0.3069, +0.9619, 
397	0.000000	+0.6611, +1.7966, +0.8257, 
398	0.000000	-0.3568, -1.4613, +1.9641, 
399	0.000000	+1.8017, -0.4082, -0.1402, 
